[[-0.48833587 -0.63461388 -0.61755759 -0.61740093 -0.28127224 -0.13981166
  -0.51540071 -0.38919464 -0.56264614 -0.10731991]
 [ 0.01858093  0.14373382  0.02314663  0.00658748 -0.16315835 -0.26647004
   0.04508716 -0.07311089  0.09243463 -0.28777583]
 [-0.49472242 -0.61292808 -0.58354364 -0.58300805 -0.2951719  -0.15772563
  -0.52012989 -0.39975753 -0.56337944 -0.12616284]
 [-0.02289925  0.09373822 -0.02916104 -0.04580163 -0.19508976 -0.29154218
   0.00235601 -0.11004525  0.04748446 -0.31120543]
 [-0.46454016 -0.65533173 -0.66564927 -0.66680356 -0.25638769 -0.11645272
  -0.49315447 -0.36350919 -0.54510502 -0.08420954]
 [-0.16693787 -0.12902756 -0.26011687 -0.27580689 -0.27217351 -0.32748739
  -0.15163358 -0.22051744 -0.12523593 -0.33793841]
 [-0.4953095  -0.60933639 -0.5783029  -0.5777281  -0.29715954 -0.16050414
  -0.52044433 -0.40109368 -0.5630604  -0.12912139]
 [-0.3799552  -0.58554003 -0.65568431 -0.6616457  -0.23269778 -0.13766816
  -0.40209264 -0.30649574 -0.44503595 -0.11554372]
 [-0.24785087 -0.31196178 -0.4355064  -0.44866777 -0.26757583 -0.2738093
  -0.24578598 -0.2577815  -0.24466092 -0.27375434]
 [-0.31618993 -0.47062901 -0.57209277 -0.5817335  -0.24377675 -0.1959123
  -0.32792447 -0.27956275 -0.35244193 -0.18421958]]